-93.58927282445569 -93.89834805234523 -52.08549394042442
-92.5961387510294 -135.91435250397677 -188.59131212063835
-86.78790563740903 -149.9474961022768 -191.2643256605877
-97.65930428385185 -79.0686022550129 -189.69462057857274
-49.55245777713779 -75.56185587519245 -120.36899661978472
-68.49234724487056 -105.66715670621703 -168.30035457933383
-120.4387226376058 -63.60667756509937 -121.51721852398398
-68.02818509049467 -56.95914264494548 -60.53629986598829
-124.56132425167335 -122.32734832469355 -135.30756274860266
-129.8624853815014 -115.03578334955284 -171.7681885664848
-124.09137773323697 -122.24714666345747 -77.55566807452016
-122.3713633778062 -136.85127638588742 -164.10194423999133
-92.74901092123646 -106.38059795296068 -81.29635141138637
-114.35964992131767 -102.11010474823348 -151.50638213691914
-129.0614514316806 -90.21664529334298 -108.42032881488961
-103.94103180242585 -106.359639731853 -80.24874357539406
-80.07916895814347 -101.93940621787856 -191.83690122467985
-111.24411809638632 -92.34804245786228 -188.78462148602242
-97.40304516432042 -84.88049192091877 -126.76573753809332
-86.39997443864712 -89.05191017272283 -75.322136133215
-74.58620752765495 -73.99215735370942 -68.31558427898943
-73.13680042208159 -73.93330413808873 -78.92778514141038
-88.82297026672224 -73.35319922620062 -76.5248380267635
-75.16541462720905 -71.37490938243864 -77.77970877036022
-66.22169676405669 -94.04219248711902 -191.09051930574884
-70.08837170264493 -70.27467214858301 -147.5427867376632
-69.72539064560372 -69.05345144035665 -85.82934547068476
-68.59675816758808 -68.36933618206108 -63.73634507092595
-86.900126880413 -68.20273350298712 -52.821767239563165
-61.83923988113166 -68.8474057257778 -69.16810787291762
-70.83353427117113 -66.0474108009601 -73.74455858981337
-60.91901492950464 -74.34265314629064 -68.2506865067295
-42.94756303156752 -94.32882325254717 -183.41176202878773
-93.29751048888255 -65.46525340206229 -184.46413042822962
-69.87516223908229 -64.62068158384787 -74.31662165893813
-64.7295554262971 -68.9656102521601 -41.606774523175105
-40.79660514172689 -48.74911674413875 -167.09971656988643
-63.727367902206794 -45.71118948096907 -55.67079139807903
-46.038993197560984 -43.67207000667951 -50.57869356326222
-59.8246013164303 -59.59508101275151 -41.36377387396745
-41.28023140340227 -63.86596990817791 -186.40953505528768
-67.66353300648346 -41.141624266159106 -106.9117829009912
-44.190590762102666 -41.05078090254481 -136.02064643038693
-41.21296476257441 -48.901724154785825 -43.202309666418714
-24.48654913037825 -66.6273187039684 -97.92596214331832
-15.909494358088365 -19.224780656785132 -64.11694035931154
-36.99852001171375 -71.1602332624199 -27.139926443866198
-26.83779297717127 -60.59943155493359 -139.54712436803015
-21.650064887110755 -60.09095453005119 -104.47323619534576
-21.18410160666087 -41.64696994182839 -125.1581585229992
-18.98608244318395 -27.68350455690031 -71.52579553978018
-14.039474689737794 -63.97637108233242 -131.31000149344806
204.87243134955077 129.2786778707155 -21.314561528730064
166.73161294591137 -0.591 -0.822373134948549
38.755539916924 198.1980818770011 37.45387781722319
190.517163974179 170.0983965501281 241.6890842597618
-96.51880957293926 -94.28871562273477 -106.80555921063296
-91.03957744115732 -96.38639411167047 -105.21689428408162
-87.5508530256765 -125.95797278349991 -180.45136085761126
-96.35483969928984 -84.5902732410702 -195.30304225111644
-83.406009790408 -79.75789862193271 -108.6239565690762
-79.76376837519027 -87.25440421664258 -118.04337040124322
-112.93636176366604 -104.06382379325726 -190.96730167315505
-88.60392714090742 -79.73314982521953 -176.27599660200292
-98.88827782075684 -88.22982060508805 -43.84939655297141
-62.33363198412904 -61.65871503709919 -81.39945851659391
-61.73853962514512 -80.1396829357628 -126.52915876943779
-99.23318477315796 -53.6008632747151 -146.32874583190522
-83.60257966324794 -108.42200451897605 -137.21020085882134
-80.73740234187818 -91.31019064401787 -105.77584443605534
-110.54842871847256 -87.01224883152983 -132.89846454395988
-86.80805045106084 -93.4419674821608 -64.38972446132405
-67.22198711507352 -67.45522094092978 -153.4144963225262
-69.9267958295525 -70.23836107740941 -77.07431220932764
-93.2536204217036 -68.93135632592103 -129.2976666118573
-71.71681932119503 -66.52842215806508 4.919701465445705
-44.520149904859 -44.874306422695994 -126.74904489838279
-44.980003733339004 -44.37829301402708 -88.77720793009956
-45.04933884678027 -86.31691745122829 -151.11253310565994
-44.61009452025734 -44.97643492417554 56.87654218884831
2.1016893844932514 -43.85165296177676 -127.5379736873833
-28.72471550252862 15.406219983347452 -45.305258129142
-48.35191936082107 24.285882559816216 -154.80029282274586
1.4381543562360812 -30.082843325778754 100.137653741636
-4.533405232711857 62.575631717863686 115.9679711978756
-23.149182950613255 35.434057294951714 -27.17233718155409
44.378323292362225 3.726618440624378 -138.70254591086697
39.208005371938256 109.67614480450334 -145.7461204406187
69.8821782221078 34.16782964750395 151.10627828724535
56.95136459763359 -2.5295048303600507 -113.84522100375561
67.0178162926618 -51.9486573570687 1.364675854248297
-1.3855718636245984 86.83375372864205 -61.57044129747146
144.51101681015862 124.91078458760163 192.5294236791824
139.50141954246104 -0.381 -108.32446024393683
133.6429534888597 65.95038772889694 105.76851493672295
134.68992020273282 178.69358632263638 144.96367697206364
